2.251139
2.623812
3.061057
3.435223
3.867342
4.272472
4.679755
5.105508
5.538771
5.938731
6.34923
6.752414
7.192482
7.609853
8.006621
8.449388
8.87311
9.267831
9.689219
10.10253
10.47983
10.67158
10.87476
11.09458
11.31559
11.51389
11.71924
11.91755
12.11539
12.48522
12.90678
13.29849
13.77396
13.96437
14.16071
14.35073
14.55488
14.73741
14.93799
15.12292
15.33351
15.71167
16.14277
16.56432
16.98555
17.18801
17.3902
17.59239
17.79457
17.97992
18.16526
18.36745
18.58648
18.97415
19.41223
19.85031
20.29191
20.67944
21.10067
21.4882
21.92952
22.35075
22.82253
23.05902
23.24436
23.4297
23.63189
24.05313
24.44066
24.8115
25.30013
25.50232
25.70451
25.89233
26.09452
26.27986
26.4652
26.65055
26.8361
27.22363
27.59431
27.98206
28.36959
28.57178
28.79082
28.99301
29.1952
29.39739
29.56673
29.78577
29.97111
30.1733
30.37549
30.56089
30.76308
30.94842
31.15061
31.3528
31.55593
31.74127
31.92661
32.11195
32.31414
32.50079
32.68613
32.88831
33.0905
33.42749
33.83187
34.23651
34.62404
34.84307
35.01157
35.21407
35.39941
35.6016
35.80379
35.97228
36.17447
36.52831
36.93269
37.3225
37.71003
37.89537
38.08072
38.28291
38.4514
38.65358
38.83892
39.02427
39.22646
39.59714
39.96782
40.3722
40.75973
40.94507
41.13041
41.31575
41.50109
41.70328
41.88862
42.09081
42.293
42.47834
42.66368
42.86588
43.05122
43.23655
43.42189
43.60723
43.79258
43.99477
44.18011
44.3823
44.56764
44.75298
44.95517
45.14051
45.309
45.41323
45.48063
45.59858
45.66597
45.76707
45.85131
45.93556
46.01981
46.10405
46.1883
46.25652
46.34076
46.42501
46.5261
46.5935
46.69459
46.87993
47.04842
47.23471
47.40319
47.58854
47.77388
47.95922
48.16362
48.34896
48.53431
48.73649
48.98923
49.17457
49.34306
49.51155
49.6969
49.88224
50.6573
51.48291
52.17409
52.89861
53.72421
54.49928
54.90365
55.42598
55.69556
56.09995
56.50432
56.9087
57.09404
57.27938
57.46473
57.66692
58.05444
58.47567
58.86463
59.28586
59.4712
59.63969
59.84188
60.04407
60.24626
60.44845
60.63379
60.83598
61.24036
61.62789
62.03227
62.40295
62.62199
62.72308
62.79048
62.89157
62.94212
63.06007
63.12746
63.32965
63.54869
63.75088
63.98677
64.39115
64.77868
65.18306
65.57059
65.80648
65.89072
66.04237
66.19401
66.37935
66.58154
66.75003
66.95222
67.18811
67.57599
67.98036
68.35104
68.73858
68.94077
69.04186
69.09241
69.1935
69.34515
69.54733
69.74953
69.93487
70.15391
70.3898
70.55829
70.64254
70.70993
70.81103
70.96267
71.14838
71.35058
71.53592
71.73811
71.95715
72.12563
72.20988
72.27728
72.37837
72.53001
72.59741
72.71535
72.9007
73.11974
73.35562
73.57466
73.76
73.94535
74.16438
74.38342
74.56876
74.7541
74.93945
75.19218
75.52917
76.00094
76.40532
76.75916
77.14668
77.34888
77.58476
78.22503
80.49966
