2.328079
2.752112
3.299837
4.254212
4.800861
5.284847
6.242329
6.720978
7.259512
8.282209
9.282004
9.805523
10.32945
11.29881
11.8423
12.31311
13.25728
14.31757
15.0418
15.25411
16.01928
16.24071
16.9353
17.18235
17.45564
17.67486
18.18735
19.99573
20.27058
21.29435
21.52196
22.06789
22.33181
22.79204
23.4275
24.37628
25.4957
25.80887
25.94877
26.17656
26.41224
26.93258
27.3938
27.93801
28.16114
28.43073
28.91935
29.13863
29.35767
29.61041
30.20013
30.78985
31.04259
31.34587
31.61546
31.88505
32.47477
33.13188
33.41832
33.70475
33.95749
34.24393
34.8505
35.55816
36.16473
36.72075
37.24308
37.8328
38.20348
38.52361
38.8606
39.21443
39.7873
40.41072
41.05098
41.59016
41.91029
42.56741
42.90439
43.19083
43.51096
43.7974
44.13438
44.38712
44.6567
44.87574
45.11163
45.34752
45.60025
45.83614
46.07203
46.30792
46.52696
46.746
47.01558
47.45366
47.6727
47.94229
48.17818
48.39722
48.61625
48.91954
49.37447
49.59351
49.84624
50.09898
50.21692
50.33487
50.53706
50.80664
51.49746
51.76705
52.01978
52.49156
52.72745
52.98019
53.41826
53.51936
53.62045
53.89004
54.42921
54.51346
54.61455
54.85044
55.33907
55.45701
55.5918
55.84454
56.29947
56.43427
56.53535
56.77124
57.25987
57.37782
57.47891
57.73165
58.25397
58.37191
58.47301
58.72575
59.24807
59.34916
59.45026
59.703
60.20847
60.32642
60.42751
60.64655
61.18572
61.30367
61.38791
61.64065
62.16297
62.28092
62.38201
62.60105
63.15707
63.27502
63.37611
63.6457
64.15118
64.25227
64.40391
65.46541
66.22362
66.74594
68.22867
68.49825
68.73415
68.86893
69.05428
69.20592
69.35756
69.52605
69.87988
