2.311433
2.672533
3.17526
4.254618
4.716788
5.182467
6.209077
6.669735
7.203326
7.937015
8.222436
9.235215
9.711543
10.20533
11.24278
11.71896
12.23975
12.97327
13.2129
13.9509
14.19405
14.94995
15.1724
15.90406
16.15215
16.83135
17.08981
17.33892
17.59946
17.83407
18.09176
19.91135
20.19779
21.19659
21.73691
21.9391
22.24238
22.73504
23.05518
23.3587
24.33747
25.3832
25.90553
26.09087
26.32864
26.54767
26.85096
27.10389
27.37521
27.84698
28.08287
28.33685
28.62329
28.90973
29.21391
29.56774
30.10691
30.69767
31.00096
31.25514
31.55842
31.82801
32.4178
33.02438
33.2947
33.59798
33.88442
34.2214
34.81112
35.48509
36.10851
36.71508
37.2374
37.65863
37.82712
38.1304
38.43369
38.82122
39.1582
39.74792
40.33764
40.92736
41.51708
41.71927
42.41009
42.79762
43.08405
43.43789
43.75802
44.04446
44.34774
44.60048
44.83636
45.0554
45.2576
45.49348
45.74622
45.98309
46.18528
46.42117
46.65705
46.89294
47.39842
47.61745
47.83649
48.05553
48.30827
48.54416
48.78005
49.26867
49.50456
49.74165
49.99438
50.09548
50.19658
50.43246
50.70288
51.39369
51.62958
51.86547
52.37094
52.62368
52.85957
53.3145
53.43244
53.53353
53.75257
54.29174
54.40969
54.51078
54.74667
55.21845
55.31954
55.45434
55.70707
56.2294
56.31364
56.44844
56.70117
57.1898
57.27404
57.40884
57.66158
58.13335
58.20075
58.35239
58.62198
59.12745
59.22855
59.36334
59.63293
60.12155
60.2058
60.34059
60.55963
61.08195
61.1662
61.30099
61.53688
62.0592
62.1603
62.29509
62.53098
63.0533
63.13755
63.25549
63.52508
64.0137
64.1148
64.28329
65.42903
66.1367
66.67587
68.22599
68.42818
68.64722
68.83267
69.01801
69.1865
69.37184
69.57404
69.89417
