2.418817
3.497386
4.69874
5.840524
6.980196
7.402643
7.767546
8.191913
9.259905
9.727782
10.08723
11.58902
11.98531
12.3277
13.8478
14.23636
14.56754
16.05988
16.43891
16.8518
17.25564
17.41195
17.63092
17.9887
18.39202
18.755
19.12735
19.47295
19.66405
19.87348
20.22515
20.61938
20.99481
21.35985
21.53457
21.76036
22.10776
22.50446
22.6786
22.8871
23.23889
23.60143
23.77567
23.98857
24.36923
24.74597
24.92334
25.11453
25.47984
25.84385
26.017
26.20925
26.60884
26.97753
27.15281
27.34131
27.68392
28.08998
28.26145
28.48257
28.84414
29.03341
29.21984
29.40653
29.59878
29.76978
29.93866
30.14157
30.32691
30.49662
30.69881
31.03579
31.42332
31.81085
31.99619
32.16468
32.36687
32.55221
32.72071
32.90604
33.29358
33.68111
34.01809
34.20343
34.38877
34.59096
34.75945
34.94479
35.14698
35.51767
35.92204
36.25903
36.44437
36.62971
36.8319
37.03409
37.23628
37.45532
37.67435
37.94394
38.23038
38.53366
38.93804
40.05009
41.41487
41.98774
43.50416
44.39717
46.09893
46.38537
46.7729
48.45782
48.82854
49.19922
50.93468
51.38961
51.87824
53.74849
54.32137
55.04588
